1000    404742    24125    3003    146201    10030    1154789
1500    565588    24124    3002    151258    22560    1237236
2250    783967    25126    3005    156316    48620    1247754
3375    1118429    26127    3007    156256    109329    1481985
5062    1637176    26127    3006    161319    251150    1525335
7593    2398109    27128    3005    161291    565650    1810675
11389    3535272    27128    3006    166301    1284019    2348718
17083    5251895    28128    3002    166326    2903430    2829789
25624    7829086    28128    3007    171358    6587648    3731068
38436    11706654    29130    3001    176400    14815488    5020392
57654    17484897    30130    3006    176396    33357312    6937123
86481    26177817    30130    3004    181363    75015936    9879755
129721    39226395    31132    3004    181399    169075623    14055405
194581    58777635    31131    3008    186411    380171645    20696009
291871    88112430    32133    3004    191477    855706418    30360885
437806    132112175    33134    3004    191454    1926232440    45027007
